  i|lex | TI |  sn
  0|   t|  -1|  1
  1|   f|  -1|  1
  2|   i|  14|  1
  3|   (|  -1|  1
  4|   t|  -1|  1
  5|   i|  15|  1
  6|   )|  -1|  1
  7|   {|  -1|  2
  8|   t|  -1|  3
  9|   i|  16|  3
 10|   ;|  -1|  3
 11|   i|  16|  4
 12|   =|  -1|  4
 13|   i|  16|  4
 14|   v|  -1|  4
 15|   l|  17|  4
 16|   ;|  -1|  4
 17|   t|  -1|  5
 18|   f|  -1|  5
 19|   i|  18|  5
 20|   (|  -1|  5
 21|   t|  -1|  5
 22|   i|  19|  5
 23|   )|  -1|  5
 24|   {|  -1|  6
 25|   i|  19|  7
 26|   =|  -1|  7
 27|   i|  19|  7
 28|   v|  -1|  7
 29|   l|  20|  7
 30|   v|  -1|  7
 31|   l|  21|  7
 32|   ;|  -1|  7
 33|   r|  -1|  8
 34|   i|  19|  8
 35|   ;|  -1|  8
 36|   }|  -1|  9
 37|   t|  -1| 10
 38|   i|  22| 10
 39|   ;|  -1| 10
 40|   i|  22| 11
 41|   =|  -1| 11
 42|   i|  18| 11
 43|   (|  -1| 11
 44|   l|  23| 11
 45|   )|  -1| 11
 46|   v|  -1| 11
 47|   i|  15| 11
 48|   ;|  -1| 11
 49|   t|  -1| 12
 50|   i|  24| 12
 51|   ;|  -1| 12
 52|   i|  24| 13
 53|   =|  -1| 13
 54|   i|   4| 13
 55|   (|  -1| 13
 56|   i|  22| 13
 57|   )|  -1| 13
 58|   ;|  -1| 13
 59|   i|   0| 14
 60|   (|  -1| 14
 61|   i|  24| 14
 62|   )|  -1| 14
 63|   ;|  -1| 14
 64|   r|  -1| 15
 65|   l|  25| 15
 66|   ;|  -1| 15
 67|   }|  -1| 16
 68|   t|  -1| 17
 69|   f|  -1| 17
 70|   i|  26| 17
 71|   (|  -1| 17
 72|   t|  -1| 17
 73|   i|  27| 17
 74|   )|  -1| 17
 75|   {|  -1| 18
 76|   t|  -1| 19
 77|   i|  28| 19
 78|   =|  -1| 19
 79|   i|   9| 19
 80|   (|  -1| 19
 81|   )|  -1| 19
 82|   ;|  -1| 19
 83|   t|  -1| 20
 84|   i|  29| 20
 85|   =|  -1| 20
 86|   i|   6| 20
 87|   (|  -1| 20
 88|   i|  27| 20
 89|   )|  -1| 20
 90|   ;|  -1| 20
 91|   i|  11| 21
 92|   (|  -1| 21
 93|   i|  28| 21
 94|   ,|  -1| 21
 95|   i|  29| 21
 96|   )|  -1| 21
 97|   ;|  -1| 21
 98|   }|  -1| 22
 99|   t|  -1| 25
100|   f|  -1| 25
101|   i|  30| 25
102|   (|  -1| 25
103|   )|  -1| 25
104|   {|  -1| 26
105|   t|  -1| 27
106|   i|  31| 27
107|   =|  -1| 27
108|   i|   9| 27
109|   (|  -1| 27
110|   )|  -1| 27
111|   ;|  -1| 27
112|   t|  -1| 28
113|   i|  32| 28
114|   =|  -1| 28
115|   i|  10| 28
116|   (|  -1| 28
117|   l|  33| 28
118|   )|  -1| 28
119|   ;|  -1| 28
120|   t|  -1| 29
121|   i|  34| 29
122|   =|  -1| 29
123|   l|  35| 29
124|   ;|  -1| 29
125|   w|  -1| 30
126|   (|  -1| 30
127|   i|  34| 30
128|   v|  -1| 30
129|   l|  36| 30
130|   )|  -1| 30
131|   {|  -1| 31
132|   i|  34| 32
133|   =|  -1| 32
134|   i|  34| 32
135|   v|  -1| 32
136|   l|  37| 32
137|   ;|  -1| 32
138|   i|  13| 33
139|   (|  -1| 33
140|   i|  32| 33
141|   ,|  -1| 33
142|   l|  38| 33
143|   )|  -1| 33
144|   ;|  -1| 33
145|   }|  -1| 34
146|   i|  11| 35
147|   (|  -1| 35
148|   i|  31| 35
149|   ,|  -1| 35
150|   i|  32| 35
151|   )|  -1| 35
152|   ;|  -1| 35
153|   }|  -1| 36
154|   m|  39| 39
155|   {|  -1| 40
156|   t|  -1| 41
157|   i|  40| 41
158|   ;|  -1| 41
159|   i|  40| 42
160|   =|  -1| 42
161|   i|   2| 42
162|   (|  -1| 42
163|   l|  41| 42
164|   ,|  -1| 42
165|   l|  42| 42
166|   )|  -1| 42
167|   ;|  -1| 42
168|   t|  -1| 43
169|   i|  43| 43
170|   ;|  -1| 43
171|   t|  -1| 44
172|   i|  44| 44
173|   =|  -1| 44
174|   l|  45| 44
175|   ;|  -1| 44
176|   i|  40| 45
177|   =|  -1| 45
178|   i|  40| 45
179|   v|  -1| 45
180|   i|  44| 45
181|   v|  -1| 45
182|   l|  46| 45
183|   v|  -1| 45
184|   l|  47| 45
185|   ;|  -1| 45
186|   t|  -1| 46
187|   i|  48| 46
188|   =|  -1| 46
189|   i|  14| 46
190|   (|  -1| 46
191|   i|  40| 46
192|   )|  -1| 46
193|   ;|  -1| 46
194|   i|   0| 47
195|   (|  -1| 47
196|   i|  48| 47
197|   )|  -1| 47
198|   ;|  -1| 47
199|   i|   7| 48
200|   (|  -1| 48
201|   )|  -1| 48
202|   ;|  -1| 48
203|   i|   7| 49
204|   (|  -1| 49
205|   )|  -1| 49
206|   ;|  -1| 49
207|   i|   7| 50
208|   (|  -1| 50
209|   )|  -1| 50
210|   ;|  -1| 50
211|   i|   7| 51
212|   (|  -1| 51
213|   )|  -1| 51
214|   ;|  -1| 51
215|   i|   7| 52
216|   (|  -1| 52
217|   )|  -1| 52
218|   ;|  -1| 52
219|   i|   7| 53
220|   (|  -1| 53
221|   )|  -1| 53
222|   ;|  -1| 53
223|   i|   7| 54
224|   (|  -1| 54
225|   )|  -1| 54
226|   ;|  -1| 54
227|   i|   7| 55
228|   (|  -1| 55
229|   )|  -1| 55
230|   ;|  -1| 55
231|   i|   7| 56
232|   (|  -1| 56
233|   )|  -1| 56
234|   ;|  -1| 56
235|   }|  -1| 58
